// Copyright (c) 2013, University of Southern Denmark
// All rights reserved.
//
// Redistribution and use in source and binary forms, with or without
// modification, are permitted provided that the following conditions are met:
//
// 1. Redistributions of source code must retain the above copyright notice,
//    this list of conditions and the following disclaimer.
// 2. Redistributions in binary form must reproduce the above copyright notice,
//    this list of conditions and the following disclaimer in the documentation
//    and/or other materials provided with the distribution.
// 3. Neither the name of the University of Southern Denmark nor the names of
//    its contributors may be used to endorse or promote products derived from
//    this software without specific prior written permission.
//
// THIS SOFTWARE IS PROVIDED BY THE COPYRIGHT HOLDERS AND CONTRIBUTORS "AS IS"
// AND ANY EXPRESS OR IMPLIED WARRANTIES, INCLUDING, BUT NOT LIMITED TO, THE
// IMPLIED WARRANTIES OF MERCHANTABILITY AND FITNESS FOR A PARTICULAR PURPOSE
// ARE DISCLAIMED. IN NO EVENT SHALL THE UNIVERSITY OF SOUTHERN DENMARK BE
// LIABLE FOR ANY DIRECT, INDIRECT, INCIDENTAL, SPECIAL, EXEMPLARY, OR
// CONSEQUENTIAL DAMAGES (INCLUDING, BUT NOT LIMITED TO, PROCUREMENT OF
// SUBSTITUTE GOODS OR SERVICES; LOSS OF USE, DATA, OR PROFITS; OR BUSINESS
// INTERRUPTION) HOWEVER CAUSED AND ON ANY THEORY OF LIABILITY, WHETHER IN
// CONTRACT, STRICT LIABILITY, OR TORT (INCLUDING NEGLIGENCE OR OTHERWISE)
// ARISING IN ANY WAY OUT OF THE USE OF THIS SOFTWARE, EVEN IF ADVISED OF THE
// POSSIBILITY OF SUCH DAMAGE.

#include "monogenic_signal.h"
#include "../core/macros.h"
#include "../covis_config.h"

#include <cmath>

#include <opencv2/core/core.hpp>
#include <opencv2/imgproc/imgproc.hpp>

using namespace covis::filter;

MonogenicSignal::MonogenicSignal(FILTER_TYPE ft, bool useComplex) {
    _useComplex = useComplex;
    setupFilters(ft);
}

MonogenicSignal::~MonogenicSignal() {}

cv::Mat MonogenicSignal::filter(const cv::Mat& image) {
    // Check input
    COVIS_ASSERT_MSG(!image.empty(), "Empty input image!");
    COVIS_ASSERT(image.channels() == 1 || image.channels() == 3 || image.channels() == 4);
    
    // Get optimal size for DFT
    const int dftRows = cv::getOptimalDFTSize(image.rows + _firstFilter.rows - 1);
    const int dftCols = cv::getOptimalDFTSize(image.cols + _firstFilter.cols - 1);
    cv::Mat complexInput;
    cv::Mat dftA, dftB, dftT;
    cv::Mat_<double> imageRC, imageIC, imageJC;

    // Set filter element type
    int type = CV_64FC1;
    if (_useComplex)
        type = CV_64FC2;
    
    // Convert input image to gray if necessary
    cv::Mat_<double> grayImg;
    if (image.channels() == 1) {
        grayImg = image;// / 255.0;
    } else {
        cv::Mat tmpg;
        cv::cvtColor(image, tmpg, cv::COLOR_BGR2GRAY);
        grayImg = cv::Mat_<double>(tmpg);
    }
    
    dftA = cv::Mat(dftRows, dftCols, type);
    dftB = cv::Mat(dftRows, dftCols, type);
    dftT = cv::Mat(dftRows, dftCols, type);
    if (_useComplex) {
        const cv::Mat_<double> zero = cv::Mat_<double>::zeros(image.size());
        const cv::Mat_<double> images[2] = {grayImg, zero};
        cv::merge(images, 2, complexInput);
    }  else {
        complexInput = grayImg;
    }
    
    // Copy A to dftA
    cv::Mat dftARect = dftA(cv::Rect(0, 0, grayImg.cols, grayImg.rows));
    complexInput.copyTo(dftARect);

    if (dftA.cols > grayImg.cols)
        dftA(cv::Rect(grayImg.cols, 0, dftA.cols-grayImg.cols, grayImg.rows)) = 0.0;

    cv::dft(dftA, dftA, 0, complexInput.rows);
    fft(dftRows, dftCols, dftA, dftB, dftT, _firstFilter, cv::Mat_<double>(), grayImg.rows + _firstFilter.rows - 1, grayImg, imageRC, imageRC);

    if (_useComplex) {
        fft(dftRows, dftCols, dftA, dftB, dftT, _secondFilter, _thirdFilter, grayImg.rows + _firstFilter.rows - 1, grayImg, imageIC, imageJC);
    } else {
        fft(dftRows, dftCols, dftA, dftB, dftT, _secondFilter, cv::Mat_<double>(), grayImg.rows + _firstFilter.rows - 1, grayImg, imageIC, imageIC);
        fft(dftRows, dftCols, dftA, dftB, dftT, _thirdFilter, cv::Mat_<double>(), grayImg.rows + _firstFilter.rows - 1, grayImg, imageJC, imageIC);
    }
    imageIC *= (-1);
    imageJC *= (-1);

    // Compute MOP
    cv::Mat_<double> mop[3];
    mop[0] = magnitude(imageRC, imageIC, imageJC);
    mop[1] = orientation(mop[0], imageIC, imageJC);
    mop[2] = phase(mop[1], imageRC, imageIC, imageJC);
    
    // Produce final result
    cv::Mat result;
    cv::merge(mop, 3, result);
    return result;
}

void MonogenicSignal::fft(int dftRows, int dftCols,
                          cv::Mat& dftA,
                          cv::Mat& dftB,
                          cv::Mat& dftT,
                          const cv::Mat_<double>& filter1,
                          const cv::Mat_<double>& filter2,
                          int incHeight,
                          const cv::Mat_<double>& grayImg,
                          cv::Mat_<double> &imageRes,
                          cv::Mat_<double> &imageRes2) {
    cv::Mat complexInputFilter;
    cv::Mat_<double> real, imag;

    if (_useComplex) {
        real.create(dftRows, dftCols);
        imag.create(dftRows, dftCols);

        if (filter2.empty()) {
            const cv::Mat_<double> zero = cv::Mat_<double>::zeros(filter1.size());
            const cv::Mat_<double> filters[] = {filter1, zero};
            cv::merge(filters, 2, complexInputFilter);
        } else {
            const cv::Mat_<double> filters[] = {filter1, filter2};
            cv::merge(filters, 2, complexInputFilter);
        }
    } else {
        complexInputFilter = filter1;
    }

    cv::Mat dftBRect = dftB(cv::Rect(0, 0, filter1.cols, filter1.rows));
    complexInputFilter.copyTo(dftBRect);

    if (dftB.cols > filter1.cols)
        dftB(cv::Rect(filter1.cols, 0, dftB.cols-filter1.cols, filter1.rows)) = 0.0;

    cv::dft(dftB, dftB, 0, complexInputFilter.rows);

    // Or CV_DXT_MUL_CONJ to get correlation rather than convolution
    cv::mulSpectrums(dftA, dftB, dftT, 0);

    int dftFlags;
#ifdef OPENCV_3
    dftFlags = cv::DFT_INVERSE + cv::DFT_SCALE;
#else
    dftFlags = CV_DXT_INV_SCALE;
#endif
    if (_useComplex)
        cv::dft(dftT, dftT, dftFlags, 0);
    else // Calculate only the top part
        cv::dft(dftT, dftT, dftFlags, incHeight);

    // Split the result into real and imaginary parts
    cv::Mat tmp;
    if (_useComplex) {
        cv::Mat_<double> reim[2];
        cv::split(dftT, reim);
        real = reim[0];
        imag = reim[1];
        tmp = real(cv::Rect(filter1.cols/2, filter1.rows/2, grayImg.cols, grayImg.rows));
    } else {
        tmp = dftT(cv::Rect(filter1.cols/2, filter1.rows/2, grayImg.cols, grayImg.rows));
    }

    tmp.copyTo(imageRes);
    if (!filter2.empty()) {
        tmp = imag(cv::Rect(filter1.cols/2, filter1.rows/2, grayImg.cols, grayImg.rows));
        tmp.copyTo(imageRes2);
    }
}

void MonogenicSignal::setupFilters(FILTER_TYPE ft) {
    switch (ft) {
        case MONOGENIC_FREQ0110: {
            _firstFilter = cv::Mat_<double>(11, 11, const_cast<double*>(&Kernel0110[0][0][0])).t();
            _secondFilter = cv::Mat_<double>(11, 11, const_cast<double*>(&Kernel0110[1][0][0])).t();
            _thirdFilter = cv::Mat_<double>(11, 11, const_cast<double*>(&Kernel0110[2][0][0])).t();
            break;
        }
        case MONOGENIC_FREQ0055: {
            _firstFilter = cv::Mat_<double>(23, 23, const_cast<double*>(&Kernel0055[0][0][0])).t();
            _secondFilter = cv::Mat_<double>(23, 23, const_cast<double*>(&Kernel0055[1][0][0])).t();
            _thirdFilter = cv::Mat_<double>(23, 23, const_cast<double*>(&Kernel0055[2][0][0])).t();
            break;
        }
        case MONOGENIC_FREQ0028: {
            _firstFilter = cv::Mat_<double>(33, 33, const_cast<double*>(&Kernel0028[0][0][0])).t();
            _secondFilter = cv::Mat_<double>(33, 33, const_cast<double*>(&Kernel0028[1][0][0])).t();
            _thirdFilter = cv::Mat_<double>(33, 33, const_cast<double*>(&Kernel0028[2][0][0])).t();
            break;
        }
        default:
            COVIS_THROW("Illegal filter type!");
    }
}

cv::Mat_<double> MonogenicSignal::magnitude(const cv::Mat_<double>& p,
        const cv::Mat_<double>& ip,
        const cv::Mat_<double>& jp) {
    cv::Mat_<double> result(p.rows, p.cols);
    for (int r = 0; r < p.rows; ++r)
        for (int c = 0; c < p.cols; ++c)
            result[r][c] = std::sqrt(p[r][c] * p[r][c] + ip[r][c] * ip[r][c] + jp[r][c] * jp[r][c]);

    return result;
}

cv::Mat_<double> MonogenicSignal::orientation(const cv::Mat_<double>& m,
        const cv::Mat_<double>& ip,
        const cv::Mat_<double>& jp) {
    cv::Mat_<double> ori(m.rows, m.cols);

    cv::Mat_<double> vReal(m.rows, m.cols);
    cv::Mat_<double> vImag(m.rows, m.cols);
    cv::Mat_<double> vRealTmp(m.rows, m.cols);
    cv::Mat_<double> vImagTmp(m.rows, m.cols);

    for (int r = 0; r < m.rows; ++r) {
        for (int c = 0; c < m.cols; ++c) {
            // Avoid normalization by zero magnitude
            const double mrc = m[r][c];
            if(mrc > 0.0) {
                vReal[r][c] = jp[r][c] / mrc;
                vImag[r][c] = ip[r][c] / mrc;
            } else {
                // TODO: Should we set to zero or one here?
                vReal[r][c] = 0.0;
                vImag[r][c] = 0.0;
            }
            
            vRealTmp[r][c] = vReal[r][c];
            vImagTmp[r][c] = vImag[r][c];

            vReal[r][c] = (vRealTmp[r][c] * vRealTmp[r][c]) - (vImagTmp[r][c] * vImagTmp[r][c]);
            vImag[r][c] = 2.0 * vRealTmp[r][c] * vImagTmp[r][c];
        }
    }

    // Orientation singularity at 0
    int iFSize = 3;
    int iFHalfSize = int ((iFSize - 1) / 2);

    double dTempReal, dTempImag;

    for (int r = 0; r < m.rows; ++r) {
        for (int c = 0; c < m.cols; ++c) {
            int iYmin = r - iFHalfSize;
            int iYmax = r + iFHalfSize;
            int iXmin = c - iFHalfSize;
            int iXmax = c + iFHalfSize;

            // Correction at boundary of image
            if (iYmax >= m.rows)
                iYmax = m.rows - 1;
            if (iXmax >= m.cols)
                iXmax = m.cols - 1;
            if (iYmin < 0)
                iYmin = 0;
            if (iXmin < 0)
                iXmin = 0;

            // Loop over mask
            dTempReal = 0.0;
            dTempImag = 0.0;
            for (int iYT = iYmin; iYT <= iYmax; iYT++)
                for (int iXT = iXmin; iXT <= iXmax; iXT++) {
                    dTempReal += vReal[iYT][iXT];
                    dTempImag += vImag[iYT][iXT];
                }

            vRealTmp[r][c] = dTempReal / (double)(iFSize * iFSize);
            vImagTmp[r][c] = dTempImag / (double)(iFSize * iFSize);
        }
    }

    vReal = vRealTmp;
    vImag = vImagTmp;

    for (int r = 0; r < m.rows; ++r)
        for (int c = 0; c < m.cols; ++c)
            ori[r][c] = 0.5 * (M_PI - std::atan2(vImag[r][c], vReal[r][c]));

    return ori;
}

cv::Mat_<double> MonogenicSignal::phase(const cv::Mat_<double>& o,
                                        const cv::Mat_<double>& p,
                                        const cv::Mat_<double>& ip,
                                        const cv::Mat_<double>& jp) {
    cv::Mat_<double> pha(o.rows, o.cols);

    for (int r = 0; r < o.rows; ++r) {
        for (int c = 0; c < o.cols; ++c) {
            const double iprc = ip[r][c];
            const double jprc = jp[r][c];
            double tmp = std::atan(std::sqrt(iprc * iprc + jprc * jprc) / p[r][c]);
            if (tmp < 0) {
                if (jprc >= 0)
                    tmp += M_PI;
            } else {
                if (jprc < 0)
                    tmp -=  M_PI;
            }

            const double vzHelperL = iprc * std::cos(o[r][c]) + jprc * std::sin(o[r][c]);
            pha[r][c] = (vzHelperL ? vzHelperL / std::fabs(vzHelperL) * std::fabs(tmp) : 0.0);
        }
    }

    return pha;
}

const double MonogenicSignal::Kernel0110[3][11][11] = {
    {{ -0.000645999971311539, -0.000837999978102744, -0.00106200005393475, -0.00129000004380941, -0.00146800000220537, -0.00153600005432963, -0.00146800000220537, -0.00129000004380941, -0.00106200005393475, -0.000837999978102744, -0.000645999971311539},
        { -0.000837999978102744, -0.00114399997983128, -0.00153600005432963, -0.00197100010700524, -0.00233300006948411, -0.00247599999420345, -0.00233300006948411, -0.00197100010700524, -0.00153600005432963, -0.00114399997983128, -0.000837999978102744},
        { -0.00106200005393475, -0.00153600005432963, -0.00220099999569356, -0.00299399998039007, -0.00365499989129603, -0.00389899988658726, -0.00365499989129603, -0.00299399998039007, -0.00220099999569356, -0.00153600005432963, -0.00106200005393475},
        { -0.00129000004380941, -0.00197100010700524, -0.00299399998039007, -0.00413700006902218, -0.00429899990558624, -0.00357900001108646, -0.00429899990558624, -0.00413700006902218, -0.00299399998039007, -0.00197100010700524, -0.00129000004380941},
        { -0.00146800000220537, -0.00233300006948411, -0.00365499989129603, -0.00429899990558624, 0.00477499980479479, 0.0251739993691444, 0.00477499980479479, -0.00429899990558624, -0.00365499989129603, -0.00233300006948411, -0.00146800000220537},
        { -0.00153600005432963, -0.00247599999420345, -0.00389899988658726, -0.00357900001108646, 0.0251739993691444, 0.130232006311417, 0.0251739993691444, -0.00357900001108646, -0.00389899988658726, -0.00247599999420345, -0.00153600005432963},
        { -0.00146800000220537, -0.00233300006948411, -0.00365499989129603, -0.00429899990558624, 0.00477499980479479, 0.0251739993691444, 0.00477499980479479, -0.00429899990558624, -0.00365499989129603, -0.00233300006948411, -0.00146800000220537},
        { -0.00129000004380941, -0.00197100010700524, -0.00299399998039007, -0.00413700006902218, -0.00429899990558624, -0.00357900001108646, -0.00429899990558624, -0.00413700006902218, -0.00299399998039007, -0.00197100010700524, -0.00129000004380941},
        { -0.00106200005393475, -0.00153600005432963, -0.00220099999569356, -0.00299399998039007, -0.00365499989129603, -0.00389899988658726, -0.00365499989129603, -0.00299399998039007, -0.00220099999569356, -0.00153600005432963, -0.00106200005393475},
        { -0.000837999978102744, -0.00114399997983128, -0.00153600005432963, -0.00197100010700524, -0.00233300006948411, -0.00247599999420345, -0.00233300006948411, -0.00197100010700524, -0.00153600005432963, -0.00114399997983128, -0.000837999978102744},
        { -0.000645999971311539, -0.000837999978102744, -0.00106200005393475, -0.00129000004380941, -0.00146800000220537, -0.00153600005432963, -0.00146800000220537, -0.00129000004380941, -0.00106200005393475, -0.000837999978102744, -0.000645999971311539}},

    {{0.000326999987009913, 0.000368000008165836, 0.000385999999707565, 0.000365000014426187, 0.000320999999530613, 0.000297999999020249, 0.000320999999530613, 0.000365000014426187, 0.000385999999707565, 0.000368000008165836, 0.000326999987009913},
        {0.000295000005280599, 0.000306000001728535, 0.000237999993260019, 3.60000012733508e-05, -0.000254999991739169, -0.000409000000217929, -0.000254999991739169, 3.60000012733508e-05, 0.000237999993260019, 0.000306000001728535, 0.000295000005280599},
        {0.000230999998166226, 0.000178999995114282, -0.000100999997812323, -0.000890000024810433, -0.00224200007505715, -0.00306400004774332, -0.00224200007505715, -0.000890000024810433, -0.000100999997812323, 0.000178999995114282, 0.000230999998166226},
        {0.000146000005770475, 1.80000006366754e-05, -0.000592999975197017, -0.00282200006768107, -0.00848499964922667, -0.01322599966079, -0.00848499964922667, -0.00282200006768107, -0.000592999975197017, 1.80000006366754e-05, 0.000146000005770475},
        {6.39999998384155e-05, -6.39999998384155e-05, -0.000746999983675778, -0.0042429999448359, -0.0204670000821352, -0.0458009988069534, -0.0204670000821352, -0.0042429999448359, -0.000746999983675778, -6.39999998384155e-05, 6.39999998384155e-05},
        {0, 0, 0, 0, 0, 0, 0, 0, 0, 0, 0},
        { -6.39999998384155e-05, 6.39999998384155e-05, 0.000746999983675778, 0.0042429999448359, 0.0204670000821352, 0.0458009988069534, 0.0204670000821352, 0.0042429999448359, 0.000746999983675778, 6.39999998384155e-05, -6.39999998384155e-05},
        { -0.000146000005770475, -1.80000006366754e-05, 0.000592999975197017, 0.00282200006768107, 0.00848499964922667, 0.01322599966079, 0.00848499964922667, 0.00282200006768107, 0.000592999975197017, -1.80000006366754e-05, -0.000146000005770475},
        { -0.000230999998166226, -0.000178999995114282, 0.000100999997812323, 0.000890000024810433, 0.00224200007505715, 0.00306400004774332, 0.00224200007505715, 0.000890000024810433, 0.000100999997812323, -0.000178999995114282, -0.000230999998166226},
        { -0.000295000005280599, -0.000306000001728535, -0.000237999993260019, -3.60000012733508e-05, 0.000254999991739169, 0.000409000000217929, 0.000254999991739169, -3.60000012733508e-05, -0.000237999993260019, -0.000306000001728535, -0.000295000005280599},
        { -0.000326999987009913, -0.000368000008165836, -0.000385999999707565, -0.000365000014426187, -0.000320999999530613, -0.000297999999020249, -0.000320999999530613, -0.000365000014426187, -0.000385999999707565, -0.000368000008165836, -0.000326999987009913}},

    {{0.000326999987009913, 0.000295000005280599, 0.000230999998166226, 0.000146000005770475, 6.39999998384155e-05, 0, -6.39999998384155e-05, -0.000146000005770475, -0.000230999998166226, -0.000295000005280599, -0.000326999987009913},
        {0.000368000008165836, 0.000306000001728535, 0.000178999995114282, 1.80000006366754e-05, -6.39999998384155e-05, 0, 6.39999998384155e-05, -1.80000006366754e-05, -0.000178999995114282, -0.000306000001728535, -0.000368000008165836},
        {0.000385999999707565, 0.000237999993260019, -0.000100999997812323, -0.000592999975197017, -0.000746999983675778, 0, 0.000746999983675778, 0.000592999975197017, 0.000100999997812323, -0.000237999993260019, -0.000385999999707565},
        {0.000365000014426187, 3.60000012733508e-05, -0.000890000024810433, -0.00282200006768107, -0.0042429999448359, 0, 0.0042429999448359, 0.00282200006768107, 0.000890000024810433, -3.60000012733508e-05, -0.000365000014426187},
        {0.000320999999530613, -0.000254999991739169, -0.00224200007505715, -0.00848499964922667, -0.0204670000821352, 0, 0.0204670000821352, 0.00848499964922667, 0.00224200007505715, 0.000254999991739169, -0.000320999999530613},
        {0.000297999999020249, -0.000409000000217929, -0.00306400004774332, -0.01322599966079, -0.0458009988069534, 0, 0.0458009988069534, 0.01322599966079, 0.00306400004774332, 0.000409000000217929, -0.000297999999020249},
        {0.000320999999530613, -0.000254999991739169, -0.00224200007505715, -0.00848499964922667, -0.0204670000821352, 0, 0.0204670000821352, 0.00848499964922667, 0.00224200007505715, 0.000254999991739169, -0.000320999999530613},
        {0.000365000014426187, 3.60000012733508e-05, -0.000890000024810433, -0.00282200006768107, -0.0042429999448359, 0, 0.0042429999448359, 0.00282200006768107, 0.000890000024810433, -3.60000012733508e-05, -0.000365000014426187},
        {0.000385999999707565, 0.000237999993260019, -0.000100999997812323, -0.000592999975197017, -0.000746999983675778, 0, 0.000746999983675778, 0.000592999975197017, 0.000100999997812323, -0.000237999993260019, -0.000385999999707565},
        {0.000368000008165836, 0.000306000001728535, 0.000178999995114282, 1.80000006366754e-05, -6.39999998384155e-05, 0, 6.39999998384155e-05, -1.80000006366754e-05, -0.000178999995114282, -0.000306000001728535, -0.000368000008165836},
        {0.000326999987009913, 0.000295000005280599, 0.000230999998166226, 0.000146000005770475, 6.39999998384155e-05, 0, -6.39999998384155e-05, -0.000146000005770475, -0.000230999998166226, -0.000295000005280599, -0.000326999987009913}}
};


const double MonogenicSignal::Kernel0055[3][23][23] = {
    {{ -0.000120999997307081, -0.000136999995447695, -0.000155000001541339, -0.000172999993083067, -0.00019399999291636, -0.000213999999687076, -0.000234999999520369, -0.000254999991739169, -0.000272000004770234, -0.000284999987343326, -0.000292999990051612, -0.000296000012895092, -0.000292999990051612, -0.000284999987343326, -0.000272000004770234, -0.000254999991739169, -0.000234999999520369, -0.000213999999687076, -0.00019399999291636, -0.000172999993083067, -0.000155000001541339, -0.000136999995447695, -0.000120999997307081},
        { -0.000136999995447695, -0.00015700000221841, -0.000178999995114282, -0.00020300000323914, -0.000228999997489154, -0.000257000006968156, -0.000284999987343326, -0.000311999989207834, -0.000335999997332692, -0.000354999996488914, -0.000367000000551343, -0.000371000001905486, -0.000367000000551343, -0.000354999996488914, -0.000335999997332692, -0.000311999989207834, -0.000284999987343326, -0.000257000006968156, -0.000228999997489154, -0.00020300000323914, -0.000178999995114282, -0.00015700000221841, -0.000136999995447695},
        { -0.000155000001541339, -0.000178999995114282, -0.00020599999697879, -0.00023700000019744, -0.000272000004770234, -0.000308999995468184, -0.000346999993780628, -0.000384000013582408, -0.000418000010540709, -0.000445000012405217, -0.000463000003946945, -0.000468999991426244, -0.000463000003946945, -0.000445000012405217, -0.000418000010540709, -0.000384000013582408, -0.000346999993780628, -0.000308999995468184, -0.000272000004770234, -0.00023700000019744, -0.00020599999697879, -0.000178999995114282, -0.000155000001541339},
        { -0.000172999993083067, -0.00020300000323914, -0.00023700000019744, -0.000277000013738871, -0.000322000007145107, -0.000371000001905486, -0.000422999990405515, -0.000475999986520037, -0.00052300002425909, -0.000561999971978366, -0.000587999995332211, -0.000597000005654991, -0.000587999995332211, -0.000561999971978366, -0.00052300002425909, -0.000475999986520037, -0.000422999990405515, -0.000371000001905486, -0.000322000007145107, -0.000277000013738871, -0.00023700000019744, -0.00020300000323914, -0.000172999993083067},
        { -0.00019399999291636, -0.000228999997489154, -0.000272000004770234, -0.000322000007145107, -0.000380000012228265, -0.000445000012405217, -0.000515999970957637, -0.000587999995332211, -0.000653999974019825, -0.000707999977748841, -0.000743000011425465, -0.000755999993998557, -0.000743000011425465, -0.000707999977748841, -0.000653999974019825, -0.000587999995332211, -0.000515999970957637, -0.000445000012405217, -0.000380000012228265, -0.000322000007145107, -0.000272000004770234, -0.000228999997489154, -0.00019399999291636},
        { -0.000213999999687076, -0.000257000006968156, -0.000308999995468184, -0.000371000001905486, -0.000445000012405217, -0.000531000026967376, -0.000623999978415668, -0.000720000010915101, -0.000806999974884093, -0.000875000027008355, -0.000916999997571111, -0.000930999987758696, -0.000916999997571111, -0.000875000027008355, -0.000806999974884093, -0.000720000010915101, -0.000623999978415668, -0.000531000026967376, -0.000445000012405217, -0.000371000001905486, -0.000308999995468184, -0.000257000006968156, -0.000213999999687076},
        { -0.000234999999520369, -0.000284999987343326, -0.000346999993780628, -0.000422999990405515, -0.000515999970957637, -0.000623999978415668, -0.000743000011425465, -0.000860999978613108, -0.000959000026341528, -0.00101999996695668, -0.00104200001806021, -0.00104500004090369, -0.00104200001806021, -0.00101999996695668, -0.000959000026341528, -0.000860999978613108, -0.000743000011425465, -0.000623999978415668, -0.000515999970957637, -0.000422999990405515, -0.000346999993780628, -0.000284999987343326, -0.000234999999520369},
        { -0.000254999991739169, -0.000311999989207834, -0.000384000013582408, -0.000475999986520037, -0.000587999995332211, -0.000720000010915101, -0.000860999978613108, -0.000985000049695373, -0.00104500004090369, -0.000998000032268465, -0.000874000019393861, -0.00080300000263378, -0.000874000019393861, -0.000998000032268465, -0.00104500004090369, -0.000985000049695373, -0.000860999978613108, -0.000720000010915101, -0.000587999995332211, -0.000475999986520037, -0.000384000013582408, -0.000311999989207834, -0.000254999991739169},
        { -0.000272000004770234, -0.000335999997332692, -0.000418000010540709, -0.00052300002425909, -0.000653999974019825, -0.000806999974884093, -0.000959000026341528, -0.00104500004090369, -0.000928000023122877, -0.000437999988207594, 0.000344000000040978, 0.000774000014644116, 0.000344000000040978, -0.000437999988207594, -0.000928000023122877, -0.00104500004090369, -0.000959000026341528, -0.000806999974884093, -0.000653999974019825, -0.00052300002425909, -0.000418000010540709, -0.000335999997332692, -0.000272000004770234},
        { -0.000284999987343326, -0.000354999996488914, -0.000445000012405217, -0.000561999971978366, -0.000707999977748841, -0.000875000027008355, -0.00101999996695668, -0.000998000032268465, -0.000437999988207594, 0.0013399999588728, 0.0045159999281168, 0.00649499986320734, 0.0045159999281168, 0.0013399999588728, -0.000437999988207594, -0.000998000032268465, -0.00101999996695668, -0.000875000027008355, -0.000707999977748841, -0.000561999971978366, -0.000445000012405217, -0.000354999996488914, -0.000284999987343326},
        { -0.000292999990051612, -0.000367000000551343, -0.000463000003946945, -0.000587999995332211, -0.000743000011425465, -0.000916999997571111, -0.00104200001806021, -0.000874000019393861, 0.000344000000040978, 0.0045159999281168, 0.0137360002845526, 0.0207299999892712, 0.0137360002845526, 0.0045159999281168, 0.000344000000040978, -0.000874000019393861, -0.00104200001806021, -0.000916999997571111, -0.000743000011425465, -0.000587999995332211, -0.000463000003946945, -0.000367000000551343, -0.000292999990051612},
        { -0.000296000012895092, -0.000371000001905486, -0.000468999991426244, -0.000597000005654991, -0.000755999993998557, -0.000930999987758696, -0.00104500004090369, -0.00080300000263378, 0.000774000014644116, 0.00649499986320734, 0.0207299999892712, 0.0328840017318726, 0.0207299999892712, 0.00649499986320734, 0.000774000014644116, -0.00080300000263378, -0.00104500004090369, -0.000930999987758696, -0.000755999993998557, -0.000597000005654991, -0.000468999991426244, -0.000371000001905486, -0.000296000012895092},
        { -0.000292999990051612, -0.000367000000551343, -0.000463000003946945, -0.000587999995332211, -0.000743000011425465, -0.000916999997571111, -0.00104200001806021, -0.000874000019393861, 0.000344000000040978, 0.0045159999281168, 0.0137360002845526, 0.0207299999892712, 0.0137360002845526, 0.0045159999281168, 0.000344000000040978, -0.000874000019393861, -0.00104200001806021, -0.000916999997571111, -0.000743000011425465, -0.000587999995332211, -0.000463000003946945, -0.000367000000551343, -0.000292999990051612},
        { -0.000284999987343326, -0.000354999996488914, -0.000445000012405217, -0.000561999971978366, -0.000707999977748841, -0.000875000027008355, -0.00101999996695668, -0.000998000032268465, -0.000437999988207594, 0.0013399999588728, 0.0045159999281168, 0.00649499986320734, 0.0045159999281168, 0.0013399999588728, -0.000437999988207594, -0.000998000032268465, -0.00101999996695668, -0.000875000027008355, -0.000707999977748841, -0.000561999971978366, -0.000445000012405217, -0.000354999996488914, -0.000284999987343326},
        { -0.000272000004770234, -0.000335999997332692, -0.000418000010540709, -0.00052300002425909, -0.000653999974019825, -0.000806999974884093, -0.000959000026341528, -0.00104500004090369, -0.000928000023122877, -0.000437999988207594, 0.000344000000040978, 0.000774000014644116, 0.000344000000040978, -0.000437999988207594, -0.000928000023122877, -0.00104500004090369, -0.000959000026341528, -0.000806999974884093, -0.000653999974019825, -0.00052300002425909, -0.000418000010540709, -0.000335999997332692, -0.000272000004770234},
        { -0.000254999991739169, -0.000311999989207834, -0.000384000013582408, -0.000475999986520037, -0.000587999995332211, -0.000720000010915101, -0.000860999978613108, -0.000985000049695373, -0.00104500004090369, -0.000998000032268465, -0.000874000019393861, -0.00080300000263378, -0.000874000019393861, -0.000998000032268465, -0.00104500004090369, -0.000985000049695373, -0.000860999978613108, -0.000720000010915101, -0.000587999995332211, -0.000475999986520037, -0.000384000013582408, -0.000311999989207834, -0.000254999991739169},
        { -0.000234999999520369, -0.000284999987343326, -0.000346999993780628, -0.000422999990405515, -0.000515999970957637, -0.000623999978415668, -0.000743000011425465, -0.000860999978613108, -0.000959000026341528, -0.00101999996695668, -0.00104200001806021, -0.00104500004090369, -0.00104200001806021, -0.00101999996695668, -0.000959000026341528, -0.000860999978613108, -0.000743000011425465, -0.000623999978415668, -0.000515999970957637, -0.000422999990405515, -0.000346999993780628, -0.000284999987343326, -0.000234999999520369},
        { -0.000213999999687076, -0.000257000006968156, -0.000308999995468184, -0.000371000001905486, -0.000445000012405217, -0.000531000026967376, -0.000623999978415668, -0.000720000010915101, -0.000806999974884093, -0.000875000027008355, -0.000916999997571111, -0.000930999987758696, -0.000916999997571111, -0.000875000027008355, -0.000806999974884093, -0.000720000010915101, -0.000623999978415668, -0.000531000026967376, -0.000445000012405217, -0.000371000001905486, -0.000308999995468184, -0.000257000006968156, -0.000213999999687076},
        { -0.00019399999291636, -0.000228999997489154, -0.000272000004770234, -0.000322000007145107, -0.000380000012228265, -0.000445000012405217, -0.000515999970957637, -0.000587999995332211, -0.000653999974019825, -0.000707999977748841, -0.000743000011425465, -0.000755999993998557, -0.000743000011425465, -0.000707999977748841, -0.000653999974019825, -0.000587999995332211, -0.000515999970957637, -0.000445000012405217, -0.000380000012228265, -0.000322000007145107, -0.000272000004770234, -0.000228999997489154, -0.00019399999291636},
        { -0.000172999993083067, -0.00020300000323914, -0.00023700000019744, -0.000277000013738871, -0.000322000007145107, -0.000371000001905486, -0.000422999990405515, -0.000475999986520037, -0.00052300002425909, -0.000561999971978366, -0.000587999995332211, -0.000597000005654991, -0.000587999995332211, -0.000561999971978366, -0.00052300002425909, -0.000475999986520037, -0.000422999990405515, -0.000371000001905486, -0.000322000007145107, -0.000277000013738871, -0.00023700000019744, -0.00020300000323914, -0.000172999993083067},
        { -0.000155000001541339, -0.000178999995114282, -0.00020599999697879, -0.00023700000019744, -0.000272000004770234, -0.000308999995468184, -0.000346999993780628, -0.000384000013582408, -0.000418000010540709, -0.000445000012405217, -0.000463000003946945, -0.000468999991426244, -0.000463000003946945, -0.000445000012405217, -0.000418000010540709, -0.000384000013582408, -0.000346999993780628, -0.000308999995468184, -0.000272000004770234, -0.00023700000019744, -0.00020599999697879, -0.000178999995114282, -0.000155000001541339},
        { -0.000136999995447695, -0.00015700000221841, -0.000178999995114282, -0.00020300000323914, -0.000228999997489154, -0.000257000006968156, -0.000284999987343326, -0.000311999989207834, -0.000335999997332692, -0.000354999996488914, -0.000367000000551343, -0.000371000001905486, -0.000367000000551343, -0.000354999996488914, -0.000335999997332692, -0.000311999989207834, -0.000284999987343326, -0.000257000006968156, -0.000228999997489154, -0.00020300000323914, -0.000178999995114282, -0.00015700000221841, -0.000136999995447695},
        { -0.000120999997307081, -0.000136999995447695, -0.000155000001541339, -0.000172999993083067, -0.00019399999291636, -0.000213999999687076, -0.000234999999520369, -0.000254999991739169, -0.000272000004770234, -0.000284999987343326, -0.000292999990051612, -0.000296000012895092, -0.000292999990051612, -0.000284999987343326, -0.000272000004770234, -0.000254999991739169, -0.000234999999520369, -0.000213999999687076, -0.00019399999291636, -0.000172999993083067, -0.000155000001541339, -0.000136999995447695, -0.000120999997307081}},

    {{6.50000001769513e-05, 7.00000018696301e-05, 7.50000035623088e-05, 7.89999976404943e-05, 8.09999983175658e-05, 8.29999989946373e-05, 8.29999989946373e-05, 8.19999986561015e-05, 7.89999976404943e-05, 7.69999969634227e-05, 7.50000035623088e-05, 7.40000032237731e-05, 7.50000035623088e-05, 7.69999969634227e-05, 7.89999976404943e-05, 8.19999986561015e-05, 8.29999989946373e-05, 8.29999989946373e-05, 8.09999983175658e-05, 7.89999976404943e-05, 7.50000035623088e-05, 7.00000018696301e-05, 6.50000001769513e-05},
        {6.39999998384155e-05, 6.80000011925586e-05, 7.20000025467016e-05, 7.50000035623088e-05, 7.50000035623088e-05, 7.40000032237731e-05, 7.00000018696301e-05, 6.39999998384155e-05, 5.60000007681083e-05, 4.80000016978011e-05, 4.30000000051223e-05, 4.09999993280508e-05, 4.30000000051223e-05, 4.80000016978011e-05, 5.60000007681083e-05, 6.39999998384155e-05, 7.00000018696301e-05, 7.40000032237731e-05, 7.50000035623088e-05, 7.50000035623088e-05, 7.20000025467016e-05, 6.80000011925586e-05, 6.39999998384155e-05},
        {6.09999988228083e-05, 6.50000001769513e-05, 6.70000008540228e-05, 6.80000011925586e-05, 6.50000001769513e-05, 5.80000014451798e-05, 4.60000010207295e-05, 2.99999992421363e-05, 1.20000004244503e-05, -7.00000009601354e-06, -1.99999994947575e-05, -2.49999993684469e-05, -1.99999994947575e-05, -7.00000009601354e-06, 1.20000004244503e-05, 2.99999992421363e-05, 4.60000010207295e-05, 5.80000014451798e-05, 6.50000001769513e-05, 6.80000011925586e-05, 6.70000008540228e-05, 6.50000001769513e-05, 6.09999988228083e-05},
        {5.7000001106644e-05, 5.99999984842725e-05, 5.99999984842725e-05, 5.7000001106644e-05, 4.8999998398358e-05, 3.19999999192078e-05, 7.00000009601354e-06, -2.70000000455184e-05, -6.80000011925586e-05, -0.000108000000182074, -0.000138000003062189, -0.000150000007124618, -0.000138000003062189, -0.000108000000182074, -6.80000011925586e-05, -2.70000000455184e-05, 7.00000009601354e-06, 3.19999999192078e-05, 4.8999998398358e-05, 5.7000001106644e-05, 5.99999984842725e-05, 5.99999984842725e-05, 5.7000001106644e-05},
        {5.19999994139653e-05, 5.2999999752501e-05, 5.09999990754295e-05, 4.19999996665865e-05, 2.49999993684469e-05, -4.99999987368938e-06, -5.2999999752501e-05, -0.000120999997307081, -0.000205000003916211, -0.000292000011540949, -0.00036000000545755, -0.000384999992093071, -0.00036000000545755, -0.000292000011540949, -0.000205000003916211, -0.000120999997307081, -5.2999999752501e-05, -4.99999987368938e-06, 2.49999993684469e-05, 4.19999996665865e-05, 5.09999990754295e-05, 5.2999999752501e-05, 5.19999994139653e-05},
        {4.50000006821938e-05, 4.4000000343658e-05, 3.89999986509793e-05, 2.40000008489005e-05, -3.99999998990097e-06, -5.60000007681083e-05, -0.000140999996801838, -0.000268000003416091, -0.000436000002082437, -0.000622000021394342, -0.00077500002225861, -0.000835000013466924, -0.00077500002225861, -0.000622000021394342, -0.000436000002082437, -0.000268000003416091, -0.000140999996801838, -5.60000007681083e-05, -3.99999998990097e-06, 2.40000008489005e-05, 3.89999986509793e-05, 4.4000000343658e-05, 4.50000006821938e-05},
        {3.79999983124435e-05, 3.5000000934815e-05, 2.59999997069826e-05, 4.99999987368938e-06, -3.79999983124435e-05, -0.000118000003567431, -0.000257000006968156, -0.00048300001071766, -0.000809999997727573, -0.00120800000149757, -0.00156100001186132, -0.00170699995942414, -0.00156100001186132, -0.00120800000149757, -0.000809999997727573, -0.00048300001071766, -0.000257000006968156, -0.000118000003567431, -3.79999983124435e-05, 4.99999987368938e-06, 2.59999997069826e-05, 3.5000000934815e-05, 3.79999983124435e-05},
        {2.99999992421363e-05, 2.49999993684469e-05, 1.29999998534913e-05, -1.29999998534913e-05, -6.90000015310943e-05, -0.000178999995114282, -0.000385999999707565, -0.000758000009227544, -0.0013660000404343, -0.00220400001853704, -0.00303800008259714, -0.00340600009076297, -0.00303800008259714, -0.00220400001853704, -0.0013660000404343, -0.000758000009227544, -0.000385999999707565, -0.000178999995114282, -6.90000015310943e-05, -1.29999998534913e-05, 1.29999998534913e-05, 2.49999993684469e-05, 2.99999992421363e-05},
        {2.2000000171829e-05, 1.70000002981396e-05, 3.99999998990097e-06, -2.49999993684469e-05, -8.80000006873161e-05, -0.000218000001041219, -0.00048600000445731, -0.00102399999741465, -0.00203999993391335, -0.00370000000111759, -0.00564800016582012, -0.00660499976947904, -0.00564800016582012, -0.00370000000111759, -0.00203999993391335, -0.00102399999741465, -0.00048600000445731, -0.000218000001041219, -8.80000006873161e-05, -2.49999993684469e-05, 3.99999998990097e-06, 1.70000002981396e-05, 2.2000000171829e-05},
        {1.40000001920271e-05, 9.99999974737875e-06, -9.99999997475243e-07, -2.70000000455184e-05, -8.29999989946373e-05, -0.000207000004593283, -0.00048300001071766, -0.00110200000926852, -0.00246599991805851, -0.00519899977371097, -0.00922999996691942, -0.011566000059247, -0.00922999996691942, -0.00519899977371097, -0.00246599991805851, -0.00110200000926852, -0.00048300001071766, -0.000207000004593283, -8.29999989946373e-05, -2.70000000455184e-05, -9.99999997475243e-07, 9.99999974737875e-06, 1.40000001920271e-05},
        {7.00000009601354e-06, 3.99999998990097e-06, -1.99999999495049e-06, -1.70000002981396e-05, -5.09999990754295e-05, -0.000128999992739409, -0.000311999989207834, -0.000760000024456531, -0.00188300001900643, -0.00461499998345971, -0.00983799993991852, -0.0136010004207492, -0.00983799993991852, -0.00461499998345971, -0.00188300001900643, -0.000760000024456531, -0.000311999989207834, -0.000128999992739409, -5.09999990754295e-05, -1.70000002981396e-05, -1.99999999495049e-06, 3.99999998990097e-06, 7.00000009601354e-06},
        {0, 0, 0, 0, 0, 0, 0, 0, 0, 0, 0, 0, 0, 0, 0, 0, 0, 0, 0, 0, 0, 0, 0},
        { -7.00000009601354e-06, -3.99999998990097e-06, 1.99999999495049e-06, 1.70000002981396e-05, 5.09999990754295e-05, 0.000128999992739409, 0.000311999989207834, 0.000760000024456531, 0.00188300001900643, 0.00461499998345971, 0.00983799993991852, 0.0136010004207492, 0.00983799993991852, 0.00461499998345971, 0.00188300001900643, 0.000760000024456531, 0.000311999989207834, 0.000128999992739409, 5.09999990754295e-05, 1.70000002981396e-05, 1.99999999495049e-06, -3.99999998990097e-06, -7.00000009601354e-06},
        { -1.40000001920271e-05, -9.99999974737875e-06, 9.99999997475243e-07, 2.70000000455184e-05, 8.29999989946373e-05, 0.000207000004593283, 0.00048300001071766, 0.00110200000926852, 0.00246599991805851, 0.00519899977371097, 0.00922999996691942, 0.011566000059247, 0.00922999996691942, 0.00519899977371097, 0.00246599991805851, 0.00110200000926852, 0.00048300001071766, 0.000207000004593283, 8.29999989946373e-05, 2.70000000455184e-05, 9.99999997475243e-07, -9.99999974737875e-06, -1.40000001920271e-05},
        { -2.2000000171829e-05, -1.70000002981396e-05, -3.99999998990097e-06, 2.49999993684469e-05, 8.80000006873161e-05, 0.000218000001041219, 0.00048600000445731, 0.00102399999741465, 0.00203999993391335, 0.00370000000111759, 0.00564800016582012, 0.00660499976947904, 0.00564800016582012, 0.00370000000111759, 0.00203999993391335, 0.00102399999741465, 0.00048600000445731, 0.000218000001041219, 8.80000006873161e-05, 2.49999993684469e-05, -3.99999998990097e-06, -1.70000002981396e-05, -2.2000000171829e-05},
